utot =

   -0.0055
    0.0022
   -0.0033
    0.0058
   -0.0011
    0.0076
    0.0011
    0.0076
    0.0033
    0.0058
    0.0055
    0.0022
         0
         0
    0.0000
    0.0035
    0.0000
    0.0054
   -0.0000
    0.0055
   -0.0000
    0.0036
         0
         0
    0.0010
    0.0013
    0.0019


ptot =

  1.0e+006 *

   -1.5096
    1.3653
   -0.3996
    1.3653
   -0.3996
    1.3653
    0.3996
    1.3653
    0.3996
    1.3653
    1.5096
    1.3653
   -0.0026
   -0.8283
    0.3996
   -1.3653
         0
   -1.9051
         0
   -1.8981
   -0.3996
   -1.3653
    0.0026
   -0.8297
   -0.6240
    1.5600
    0.7800


stresses =

  1.0e+008 *

    1.1068
    1.1037
    1.0815
    1.1058
    1.1079
    0.8283
    0.6713
    0.8283
    0.6713
    0.8029
    0.7066
    0.7031
    0.8001
    0.6695
    0.8297
    0.6695
    0.8297
    0.0026
    0.0057
   -0.0155
    0.0047
    0.0026