utot =

         0
         0
         0
         0
         0
         0
         0
         0
         0
    0.0005
    0.0006
    0.0007
    0.0020
    0.0020
    0.0006
    0.0002
    0.0021
    0.0006
         0
         0
         0
    0.0013
   -0.0003
    0.0019
    0.0010
    0.0013
    0.0019


ptot =

  1.0e+006 *

         0
         0
   -0.2613
    0.2095
   -0.1510
   -0.6195
         0
    0.0547
   -0.3322
   -1.1232
   -1.1232
    0.7488
    1.7472
   -0.6240
   -0.6864
   -0.6240
    1.7472
   -0.0624
   -0.9895
   -0.9907
   -0.0350
    1.4040
   -0.4730
    0.4680
   -0.6240
    1.5600
    0.7800


stresses =

  1.0e+009 *

         0
         0
         0
         0
    0.2412
    0.8089
         0
         0
    0.5556
         0
    0.5806
   -0.1682
    0.2228
    0.5936
   -0.8089
   -0.3382
   -0.6740
   -0.4289
   -1.1721
   -1.1111
   -0.4615